-0.00007 ms,0,1
-0.000035 ms,0,0
0.000005 ms,0,1
0.00001 ms,1,1
0.000045 ms,1,0
0.000085 ms,1,1
0.000125 ms,1,0
0.000165 ms,1,1
0.00017 ms,0,1
0.00021 ms,0,0
0.00025 ms,0,1
0.00029 ms,0,0
0.00033 ms,0,1
0.000335 ms,1,1
0.00037 ms,1,0
0.00041 ms,1,1
0.00045 ms,1,0
0.00049 ms,1,1
0.000495 ms,0,1
0.000535 ms,0,0
0.000575 ms,0,1
0.000615 ms,0,0
0.000655 ms,0,1
0.00066 ms,1,1
0.000695 ms,1,0
0.000735 ms,1,1
0.000775 ms,1,0
0.000815 ms,1,1
0.00082 ms,0,1
0.00086 ms,0,0
0.0009 ms,1,1
0.00094 ms,1,0
0.00098 ms,1,1
0.000985 ms,0,1
0.00102 ms,0,0
0.00106 ms,0,1
0.0011 ms,0,0
0.00114 ms,0,1
0.001145 ms,1,1
0.001185 ms,1,0
0.001225 ms,1,1
0.00123 ms,0,1
0.001265 ms,0,0
0.001305 ms,0,1
0.00131 ms,1,1
0.001345 ms,1,0
0.001385 ms,1,1
0.00139 ms,0,1
0.001425 ms,0,0
0.00147 ms,1,1
0.00151 ms,1,0
0.00155 ms,1,1
0.001555 ms,0,1
0.00159 ms,0,0
0.00163 ms,0,1
0.001635 ms,1,1
0.00167 ms,1,0
0.00171 ms,1,1
0.001715 ms,0,1
0.00175 ms,0,0
0.001795 ms,1,1
0.001835 ms,1,0
0.001875 ms,1,1
0.00188 ms,0,1
0.001915 ms,0,0
0.001955 ms,0,1
0.00196 ms,1,1
0.001995 ms,1,0
0.002035 ms,1,1
0.00204 ms,0,1
0.00208 ms,0,0
0.00212 ms,1,1
0.00216 ms,1,0
0.0022 ms,1,1
0.002205 ms,0,1
0.00224 ms,0,0
0.00228 ms,0,1
0.002285 ms,1,1
0.00232 ms,1,0
0.00236 ms,1,1
0.002365 ms,0,1
0.002405 ms,0,0
0.002445 ms,1,1
0.002485 ms,1,0
0.002525 ms,1,1
0.00253 ms,0,1
0.002565 ms,0,0
0.002605 ms,0,1
0.00261 ms,1,1
0.002645 ms,1,0
0.002685 ms,1,1
0.00273 ms,1,0
0.00277 ms,0,1
0.00281 ms,0,0
0.00285 ms,0,1
0.002855 ms,1,1
0.00289 ms,1,0
0.00293 ms,1,1
0.00297 ms,1,0
0.00301 ms,1,1
0.003055 ms,1,0
0.003095 ms,0,1
0.003135 ms,0,0
0.003175 ms,0,1
0.003215 ms,0,0
0.003255 ms,0,1
0.00326 ms,1,1
0.003295 ms,1,0
0.00334 ms,0,1
0.00338 ms,0,0
0.00342 ms,1,1
0.00346 ms,1,0
0.0035 ms,1,1
0.003505 ms,0,1
0.00354 ms,0,0
0.00358 ms,0,1
0.003585 ms,1,1
0.003625 ms,1,0
0.003665 ms,0,1
0.003705 ms,0,0
0.003745 ms,0,1
0.00375 ms,1,1
0.003785 ms,1,0
0.003825 ms,1,1
0.00383 ms,0,1
0.003865 ms,0,0
0.003905 ms,0,1
0.00391 ms,1,1
0.00395 ms,1,0
0.00399 ms,0,1
0.00403 ms,0,0
0.00407 ms,0,1
0.004075 ms,1,1
0.00411 ms,1,0
0.00415 ms,1,1
0.004155 ms,0,1
0.00419 ms,0,0
0.00423 ms,0,1
0.004235 ms,1,1
0.004275 ms,1,0
0.004315 ms,1,1
0.004355 ms,1,0
0.004395 ms,1,1
0.0044 ms,0,1
0.004435 ms,0,0
0.004475 ms,0,1
0.004515 ms,0,0
0.004555 ms,0,1
0.00456 ms,1,1
0.0046 ms,1,0
0.00464 ms,0,1
0.00468 ms,0,0
0.00472 ms,0,1
0.00476 ms,0,0
0.0048 ms,0,1
0.004805 ms,1,1
0.00484 ms,1,0
0.00488 ms,1,1
0.004925 ms,1,0
0.004965 ms,1,1
0.00497 ms,0,1
0.005005 ms,0,0
0.005045 ms,0,1
0.00505 ms,1,1
0.005085 ms,1,0
0.005125 ms,1,1
0.005165 ms,1,0
0.00521 ms,0,1
0.00525 ms,0,0
0.00529 ms,0,1
0.00533 ms,0,0
0.00537 ms,0,1
0.005375 ms,1,1
0.00541 ms,1,0
0.00545 ms,1,1
0.00549 ms,1,0
0.005535 ms,0,1
0.005575 ms,0,0
0.005615 ms,0,1
0.005655 ms,0,0
0.005695 ms,0,1
0.0057 ms,1,1
0.005735 ms,1,0
0.005775 ms,1,1
0.00582 ms,1,0
0.00586 ms,0,1
0.0059 ms,0,0
0.00594 ms,0,1
0.00598 ms,0,0
0.00602 ms,0,1
0.006025 ms,1,1
0.00606 ms,1,0
0.0061 ms,1,1
0.006105 ms,0,1
0.006145 ms,0,0
0.006185 ms,1,1
0.006225 ms,1,0
0.006265 ms,1,1
0.006305 ms,1,0
0.006345 ms,1,1
0.00635 ms,0,1
0.006385 ms,0,0
0.006425 ms,0,1
0.00647 ms,0,0
0.00651 ms,1,1
0.00655 ms,1,0
0.00659 ms,1,1
0.006595 ms,0,1
0.00663 ms,0,0
0.00667 ms,0,1
0.006675 ms,1,1
0.00671 ms,1,0
0.00675 ms,1,1
0.006795 ms,1,0
0.006835 ms,0,1
0.006875 ms,0,0
0.006915 ms,0,1
0.006955 ms,0,0
0.006995 ms,0,1
0.007 ms,1,1
0.007035 ms,1,0
0.007075 ms,1,1
0.00712 ms,1,0
0.00716 ms,0,1
0.0072 ms,0,0
0.00724 ms,0,1
0.007245 ms,1,1
0.00728 ms,1,0
0.00732 ms,1,1
0.007325 ms,0,1
0.00736 ms,0,0
0.007405 ms,1,1
0.007445 ms,1,0
0.007485 ms,1,1
0.007525 ms,1,0
0.007565 ms,1,1
0.00757 ms,0,1
0.007605 ms,0,0
0.007645 ms,0,1
0.007685 ms,0,0
0.00773 ms,1,1
0.00777 ms,1,0
0.00781 ms,1,1
0.007815 ms,0,1
0.00785 ms,0,0
0.00789 ms,0,1
0.007895 ms,1,1
0.00793 ms,1,0
0.00797 ms,1,1
0.008015 ms,1,0
0.008055 ms,0,1
0.008095 ms,0,0
0.008135 ms,0,1
0.008175 ms,0,0
0.008215 ms,0,1
0.00822 ms,1,1
0.008255 ms,1,0
0.008295 ms,1,1
0.0083 ms,0,1
0.00834 ms,0,0
0.00838 ms,1,1
0.00842 ms,1,0
0.00846 ms,1,1
0.0085 ms,1,0
0.00854 ms,1,1
0.008545 ms,0,1
0.00858 ms,0,0
0.00862 ms,0,1
0.008665 ms,0,0
0.008705 ms,1,1
0.008745 ms,1,0
0.008785 ms,1,1
0.00879 ms,0,1
0.008825 ms,0,0
0.008865 ms,0,1
0.00887 ms,1,1
0.008905 ms,1,0
0.008945 ms,1,1
0.00895 ms,0,1
0.00899 ms,0,0
0.00903 ms,1,1
0.00907 ms,1,0
0.00911 ms,1,1
0.00915 ms,1,0
0.00919 ms,1,1
0.009195 ms,0,1
0.00923 ms,0,0
0.00927 ms,0,1
0.009275 ms,1,1
0.009315 ms,1,0
0.009355 ms,0,1
0.009395 ms,0,0
0.009435 ms,0,1
0.009475 ms,0,0
0.009515 ms,0,1
0.00952 ms,1,1
0.009555 ms,1,0
0.0096 ms,0,1
0.00964 ms,0,0
0.00968 ms,1,1
0.00972 ms,1,0
0.00976 ms,1,1
0.0098 ms,1,0
0.00984 ms,1,1
0.009845 ms,0,1
0.00988 ms,0,0
0.009925 ms,1,1
0.009965 ms,1,0
0.010005 ms,1,1
0.01001 ms,0,1
0.010045 ms,0,0
0.010085 ms,0,1
0.010125 ms,0,0
0.010165 ms,0,1
0.01017 ms,1,1
0.01021 ms,1,0
0.01025 ms,1,1
0.01029 ms,1,0
0.01033 ms,1,1
0.010335 ms,0,1
0.01037 ms,0,0
0.01041 ms,0,1
0.01045 ms,0,0
0.01049 ms,0,1
0.010495 ms,1,1
0.010535 ms,1,0
0.010575 ms,1,1
0.010615 ms,1,0
0.010655 ms,1,1
0.01066 ms,0,1
0.010695 ms,0,0
0.010735 ms,0,1
0.01074 ms,1,1
0.010775 ms,1,0
0.010815 ms,1,1
0.01082 ms,0,1
0.01086 ms,0,0
0.0109 ms,0,1
0.01094 ms,0,0
0.01098 ms,0,1
0.010985 ms,1,1
0.01102 ms,1,0
0.01106 ms,1,1
0.0111 ms,1,0
0.01114 ms,1,1
0.011145 ms,0,1
0.011185 ms,0,0
0.011225 ms,0,1
0.011265 ms,0,0
0.011305 ms,0,1
0.01131 ms,1,1
0.011345 ms,1,0
0.011385 ms,1,1
0.011425 ms,1,0
0.011465 ms,1,1
0.01147 ms,0,1
0.01151 ms,0,0
0.01155 ms,1,1
0.01159 ms,1,0
0.01163 ms,1,1
0.011635 ms,0,1
0.01167 ms,0,0
0.01171 ms,0,1
0.011715 ms,1,1
0.01175 ms,1,0
0.011795 ms,0,1
0.011835 ms,0,0
0.011875 ms,1,1
0.011915 ms,1,0
0.011955 ms,1,1
0.01196 ms,0,1
0.011995 ms,0,0
0.012035 ms,0,1
0.01204 ms,1,1
0.012075 ms,1,0
0.01212 ms,0,1
0.01216 ms,0,0
0.0122 ms,0,1
0.012205 ms,1,1
0.01224 ms,1,0
0.01228 ms,1,1
0.012285 ms,0,1
0.01232 ms,0,0
0.01236 ms,0,1
0.012365 ms,1,1
0.012405 ms,1,0
0.012445 ms,1,1
0.012485 ms,1,0
0.012525 ms,1,1
0.01253 ms,0,1
0.012565 ms,0,0
0.012605 ms,0,1
0.012645 ms,0,0
0.012685 ms,0,1
0.01269 ms,1,1
0.01273 ms,1,0
0.01277 ms,1,1
0.01281 ms,1,0
0.01285 ms,1,1
0.01289 ms,1,0
0.01293 ms,1,1
0.012935 ms,0,1
0.01297 ms,0,0
0.01301 ms,0,1
0.013015 ms,1,1
0.013055 ms,1,0
0.013095 ms,0,1
0.013135 ms,0,0
0.013175 ms,0,1
0.01318 ms,1,1
0.013215 ms,1,0
0.013255 ms,1,1
0.013295 ms,1,0
0.013335 ms,1,1
0.01334 ms,0,1
0.01338 ms,0,0
0.01342 ms,0,1
0.01346 ms,0,0
0.0135 ms,0,1
0.013505 ms,1,1
0.01354 ms,1,0
0.01358 ms,1,1
0.013585 ms,0,1
0.01362 ms,0,0
0.013665 ms,1,1
0.013705 ms,1,0
0.013745 ms,1,1
0.013785 ms,1,0
0.013825 ms,1,1
0.01383 ms,0,1
0.013865 ms,0,0
0.013905 ms,0,1
0.01395 ms,0,0
0.01399 ms,1,1
0.01403 ms,1,0
0.01407 ms,1,1
0.014075 ms,0,1
0.01411 ms,0,0
0.01415 ms,0,1
0.014155 ms,1,1
0.01419 ms,1,0
0.01423 ms,1,1
0.014235 ms,0,1
0.014275 ms,0,0
0.014315 ms,1,1
0.014355 ms,1,0
0.014395 ms,1,1
0.0144 ms,0,1
0.014435 ms,0,0
0.014475 ms,0,1
0.01448 ms,1,1
0.014515 ms,1,0
0.014555 ms,1,1
0.01456 ms,0,1
0.0146 ms,0,0
0.01464 ms,0,1
0.01468 ms,0,0
0.01472 ms,0,1
0.014725 ms,1,1
0.01476 ms,1,0
0.0148 ms,1,1
0.01484 ms,1,0
0.01488 ms,1,1
0.014885 ms,0,1
0.014925 ms,0,0
0.014965 ms,0,1
0.015005 ms,0,0
0.015045 ms,0,1
0.01505 ms,1,1
0.015085 ms,1,0
0.015125 ms,1,1
0.015165 ms,1,0
0.015205 ms,1,1
0.01521 ms,0,1
0.01525 ms,0,0
0.01529 ms,0,1
0.01533 ms,0,0
0.01537 ms,0,1
0.015375 ms,1,1
0.01541 ms,1,0
0.01545 ms,1,1
0.015455 ms,0,1
0.01549 ms,0,0
0.015535 ms,1,1
0.015575 ms,1,0
0.015615 ms,1,1
0.01562 ms,0,1
0.015655 ms,0,0
0.015695 ms,0,1
0.0157 ms,1,1
0.015735 ms,1,0
0.015775 ms,1,1
0.015815 ms,1,0
0.01586 ms,0,1
0.0159 ms,0,0
0.01594 ms,0,1
0.01598 ms,0,0
0.01602 ms,0,1
0.016025 ms,1,1
0.01606 ms,1,0
0.0161 ms,1,1
0.016145 ms,1,0
0.016185 ms,1,1
0.016225 ms,1,0
0.016265 ms,1,1
0.01627 ms,0,1
0.016305 ms,0,0
0.016345 ms,0,1
0.01635 ms,1,1
0.016385 ms,1,0
0.016425 ms,1,1
0.01643 ms,0,1
0.01647 ms,0,0
0.01651 ms,1,1
0.01655 ms,1,0
0.01659 ms,1,1
0.016595 ms,0,1
0.01663 ms,0,0
0.01667 ms,0,1
0.016675 ms,1,1
0.01671 ms,1,0
0.01675 ms,1,1
0.016755 ms,0,1
0.016795 ms,0,0
0.016835 ms,1,1
0.016875 ms,1,0
0.016915 ms,1,1
0.01692 ms,0,1
0.016955 ms,0,0
0.016995 ms,0,1
0.017 ms,1,1
0.017035 ms,1,0
0.017075 ms,1,1
0.01708 ms,0,1
0.01712 ms,0,0
0.01716 ms,0,1
0.0172 ms,0,0
0.01724 ms,0,1
0.017245 ms,1,1
0.01728 ms,1,0
0.01732 ms,1,1
0.01736 ms,1,0
0.017405 ms,0,1
0.017445 ms,0,0
0.017485 ms,1,1
0.017525 ms,1,0
0.017565 ms,1,1
0.01757 ms,0,1
0.017605 ms,0,0
0.017645 ms,0,1
0.01765 ms,1,1
0.017685 ms,1,0
0.01773 ms,1,1
0.01777 ms,1,0
0.01781 ms,1,1
0.017815 ms,0,1
0.01785 ms,0,0
0.01789 ms,0,1
0.017895 ms,1,1
0.01793 ms,1,0
0.01797 ms,1,1
0.017975 ms,0,1
0.01801 ms,0,0
0.018055 ms,1,1
0.018095 ms,1,0
0.018135 ms,1,1
0.01814 ms,0,1
0.018175 ms,0,0
0.018215 ms,0,1
0.01822 ms,1,1
0.018255 ms,1,0
0.018295 ms,1,1
0.0183 ms,0,1
0.01834 ms,0,0
0.01838 ms,0,1
0.01842 ms,0,0
0.01846 ms,0,1
0.018465 ms,1,1
0.0185 ms,1,0
0.01854 ms,1,1
0.01858 ms,1,0
0.01862 ms,1,1
0.018625 ms,0,1
0.018665 ms,0,0
0.018705 ms,1,1
0.018745 ms,1,0
0.018785 ms,1,1
0.01879 ms,0,1
0.018825 ms,0,0
0.018865 ms,0,1
0.01887 ms,1,1
0.018905 ms,1,0
0.018945 ms,1,1
0.01895 ms,0,1
0.01899 ms,0,0
0.01903 ms,1,1
0.01907 ms,1,0
0.01911 ms,1,1
0.01915 ms,1,0
0.01919 ms,1,1
0.019195 ms,0,1
0.01923 ms,0,0
0.01927 ms,0,1
0.019315 ms,0,0
0.019355 ms,1,1
0.019395 ms,1,0
0.019435 ms,1,1
0.01944 ms,0,1
0.019475 ms,0,0
0.019515 ms,0,1
0.01952 ms,1,1
0.019555 ms,1,0
0.019595 ms,1,1
0.0196 ms,0,1
0.01964 ms,0,0
0.01968 ms,0,1
0.01972 ms,0,0
0.01976 ms,0,1
0.019765 ms,1,1
0.0198 ms,1,0
0.01984 ms,1,1
0.01988 ms,1,0
0.01992 ms,1,1
0.019925 ms,0,1
0.019965 ms,0,0
0.020005 ms,1,1
0.020045 ms,1,0
0.020085 ms,1,1
0.02009 ms,0,1
0.020125 ms,0,0
0.020165 ms,0,1
0.02017 ms,1,1
0.020205 ms,1,0
0.02025 ms,0,1
0.02029 ms,0,0
0.02033 ms,0,1
0.020335 ms,1,1
0.02037 ms,1,0
0.02041 ms,1,1
0.020415 ms,0,1
0.02045 ms,0,0
0.02049 ms,0,1
0.020495 ms,1,1
0.020535 ms,1,0
0.020575 ms,0,1
0.020615 ms,0,0
0.020655 ms,0,1
0.02066 ms,1,1
0.020695 ms,1,0
0.020735 ms,1,1
0.02074 ms,0,1
0.020775 ms,0,0
0.020815 ms,0,1
0.02082 ms,1,1
0.02086 ms,1,0
0.0209 ms,0,1
0.02094 ms,0,0
0.02098 ms,0,1
0.020985 ms,1,1
0.02102 ms,1,0
0.02106 ms,1,1
0.0211 ms,1,0
0.02114 ms,1,1
0.021145 ms,0,1
0.021185 ms,0,0
0.021225 ms,0,1
0.021265 ms,0,0
0.021305 ms,0,1
0.021345 ms,0,0
0.021385 ms,0,1
0.02139 ms,1,1
0.021425 ms,1,0
0.021465 ms,1,1
0.02151 ms,1,0
0.02155 ms,0,1
0.02159 ms,0,0
0.02163 ms,0,1
0.02167 ms,0,0
0.02171 ms,0,1
0.021715 ms,1,1
0.02175 ms,1,0
0.02179 ms,1,1
0.021835 ms,1,0
0.021875 ms,1,1
0.02188 ms,0,1
0.021915 ms,0,0
0.021955 ms,0,1
0.021995 ms,0,0
0.022035 ms,0,1
0.02204 ms,1,1
0.022075 ms,1,0
0.022115 ms,1,1
0.02212 ms,0,1
0.02216 ms,0,0
0.0222 ms,1,1
0.02224 ms,1,0
0.02228 ms,1,1
0.02232 ms,1,0
0.02236 ms,1,1
0.022365 ms,0,1
0.022405 ms,0,0
0.022445 ms,0,1
0.022485 ms,0,0
0.022525 ms,0,1
0.02253 ms,1,1
0.022565 ms,1,0
0.022605 ms,1,1
0.022645 ms,1,0
0.022685 ms,1,1
0.02269 ms,0,1
0.02273 ms,0,0
0.02277 ms,0,1
0.02281 ms,0,0
0.02285 ms,0,1
0.022855 ms,1,1
0.02289 ms,1,0
0.02293 ms,1,1
0.022935 ms,0,1
0.02297 ms,0,0
0.02301 ms,0,1
0.023015 ms,1,1
0.023055 ms,1,0
0.023095 ms,0,1
0.023135 ms,0,0
0.023175 ms,0,1
0.02318 ms,1,1
0.023215 ms,1,0
0.023255 ms,1,1
0.02326 ms,0,1
0.023295 ms,0,0
0.023335 ms,0,1
0.02334 ms,1,1
0.02338 ms,1,0
0.02342 ms,0,1
0.02346 ms,0,0
0.0235 ms,0,1
0.023505 ms,1,1
0.02354 ms,1,0
0.02358 ms,1,1
0.023585 ms,0,1
0.02362 ms,0,0
0.02366 ms,0,1
0.023665 ms,1,1
0.023705 ms,1,0
0.023745 ms,0,1
0.023785 ms,0,0
0.023825 ms,0,1
0.023865 ms,0,0
0.023905 ms,0,1
0.02391 ms,1,1
0.023945 ms,1,0
0.023985 ms,1,1
0.02403 ms,1,0
0.02407 ms,1,1
0.024075 ms,0,1
0.02411 ms,0,0
0.02415 ms,0,1
0.024155 ms,1,1
0.02419 ms,1,0
0.02423 ms,1,1
0.024235 ms,0,1
0.02427 ms,0,0
0.024315 ms,1,1
0.024355 ms,1,0
0.024395 ms,1,1
0.0244 ms,0,1
0.024435 ms,0,0
0.024475 ms,0,1
0.02448 ms,1,1
0.024515 ms,1,0
0.024555 ms,1,1
0.02456 ms,0,1
0.0246 ms,0,0
0.02464 ms,0,1
0.02468 ms,0,0
0.02472 ms,0,1
0.024725 ms,1,1
0.02476 ms,1,0
0.0248 ms,1,1
0.02484 ms,1,0
0.02488 ms,1,1
0.024885 ms,0,1
0.024925 ms,0,0
0.024965 ms,1,1
0.025005 ms,1,0
0.025045 ms,1,1
0.02505 ms,0,1
0.025085 ms,0,0
0.025125 ms,0,1
0.02513 ms,1,1
0.025165 ms,1,0
0.025205 ms,1,1
0.02521 ms,0,1
0.02525 ms,0,0
0.02529 ms,1,1
0.02533 ms,1,0
0.02537 ms,1,1
0.025375 ms,0,1
0.02541 ms,0,0
0.02545 ms,0,1
0.025455 ms,1,1
0.02549 ms,1,0
0.02553 ms,1,1
0.025535 ms,0,1
0.025575 ms,0,0
0.025615 ms,1,1
0.025655 ms,1,0
0.025695 ms,1,1
0.0257 ms,0,1
0.025735 ms,0,0
0.025775 ms,0,1
0.025815 ms,0,0
0.025855 ms,0,1
0.02586 ms,1,1
0.0259 ms,1,0
0.02594 ms,1,1
0.02598 ms,1,0
0.02602 ms,1,1
0.02606 ms,1,0
0.0261 ms,1,1
0.026105 ms,0,1
0.02614 ms,0,0
0.026185 ms,1,1
0.026225 ms,1,0
0.026265 ms,1,1
0.02627 ms,0,1
0.026305 ms,0,0
0.026345 ms,0,1
0.02635 ms,1,1
0.026385 ms,1,0
0.026425 ms,1,1
0.026465 ms,1,0
0.02651 ms,0,1
0.02655 ms,0,0
0.02659 ms,1,1
0.02663 ms,1,0
0.02667 ms,1,1
0.02671 ms,1,0
0.02675 ms,1,1
0.026755 ms,0,1
0.026795 ms,0,0
0.026835 ms,0,1
0.026875 ms,0,0
0.026915 ms,0,1
0.02692 ms,1,1
0.026955 ms,1,0
0.026995 ms,1,1
0.027 ms,0,1
0.027035 ms,0,0
0.027075 ms,0,1
0.02708 ms,1,1
0.02712 ms,1,0
0.02716 ms,0,1
0.0272 ms,0,0
0.02724 ms,0,1
0.02728 ms,0,0
0.02732 ms,0,1
0.027325 ms,1,1
0.02736 ms,1,0
0.0274 ms,1,1
0.027445 ms,1,0
0.027485 ms,0,1
0.027525 ms,0,0
0.027565 ms,0,1
0.02757 ms,1,1
0.027605 ms,1,0
0.027645 ms,1,1
0.02765 ms,0,1
0.027685 ms,0,0
0.027725 ms,0,1
0.02773 ms,1,1
0.02777 ms,1,0
0.02781 ms,0,1
0.02785 ms,0,0
0.02789 ms,0,1
0.027895 ms,1,1
0.02793 ms,1,0
0.02797 ms,1,1
0.02801 ms,1,0
0.02805 ms,1,1
0.028055 ms,0,1
0.028095 ms,0,0
0.028135 ms,0,1
0.028175 ms,0,0
0.028215 ms,0,1
0.02822 ms,1,1
0.028255 ms,1,0
0.028295 ms,1,1
0.0283 ms,0,1
0.028335 ms,0,0
0.02838 ms,0,1
0.02842 ms,0,0
0.02846 ms,1,1
0.0285 ms,1,0
0.02854 ms,1,1
0.028545 ms,0,1
0.02858 ms,0,0
0.02862 ms,0,1
0.028625 ms,1,1
0.02866 ms,1,0
0.028705 ms,1,1
0.028745 ms,1,0
0.028785 ms,1,1
0.02879 ms,0,1
0.028825 ms,0,0
0.028865 ms,0,1
0.02887 ms,1,1
0.028905 ms,1,0
0.028945 ms,1,1
0.02895 ms,0,1
0.02899 ms,0,0
0.02903 ms,1,1
0.02907 ms,1,0
0.02911 ms,1,1
0.029115 ms,0,1
0.02915 ms,0,0
0.02919 ms,0,1
0.029195 ms,1,1
0.02923 ms,1,0
0.02927 ms,1,1
0.029275 ms,0,1
0.029315 ms,0,0
0.029355 ms,1,1
0.029395 ms,1,0
0.029435 ms,1,1
0.02944 ms,0,1
0.029475 ms,0,0
0.029515 ms,0,1
0.029555 ms,0,0
0.029595 ms,0,1
0.0296 ms,1,1
0.02964 ms,1,0
0.02968 ms,1,1
0.02972 ms,1,0
0.02976 ms,1,1
0.029765 ms,0,1
0.0298 ms,0,0
0.02984 ms,0,1
0.029845 ms,1,1
0.02988 ms,1,0
0.02992 ms,1,1
0.029925 ms,0,1
0.029965 ms,0,0
0.030005 ms,1,1
0.030045 ms,1,0
0.030085 ms,1,1
0.03009 ms,0,1
0.030125 ms,0,0
0.030165 ms,0,1
0.030205 ms,0,0
0.030245 ms,0,1
0.03025 ms,1,1
0.03029 ms,1,0
0.03033 ms,1,1
0.03037 ms,1,0
0.03041 ms,1,1
0.030415 ms,0,1
0.03045 ms,0,0
0.03049 ms,0,1
0.030495 ms,1,1
0.03053 ms,1,0
0.030575 ms,0,1
0.030615 ms,0,0
0.030655 ms,0,1
0.03066 ms,1,1
0.030695 ms,1,0
0.030735 ms,1,1
0.03074 ms,0,1
0.030775 ms,0,0
0.030815 ms,0,1
0.03082 ms,1,1
0.03086 ms,1,0
0.0309 ms,1,1
0.03094 ms,1,0
0.03098 ms,1,1
0.030985 ms,0,1
0.03102 ms,0,0
0.03106 ms,0,1
0.0311 ms,0,0
0.03114 ms,0,1
0.031145 ms,1,1
0.031185 ms,1,0
0.031225 ms,0,1
0.031265 ms,0,0
0.031305 ms,0,1
0.03131 ms,1,1
0.031345 ms,1,0
0.031385 ms,1,1
0.03139 ms,0,1
0.031425 ms,0,0
0.031465 ms,0,1
0.03147 ms,1,1
0.03151 ms,1,0
0.03155 ms,1,1
0.03159 ms,1,0
0.03163 ms,1,1
0.031635 ms,0,1
0.03167 ms,0,0
0.03171 ms,0,1
0.03175 ms,0,0
0.03179 ms,0,1
0.031795 ms,1,1
0.031835 ms,1,0
0.031875 ms,1,1
0.031915 ms,1,0
0.031955 ms,1,1
0.03196 ms,0,1
0.031995 ms,0,0
0.032035 ms,0,1
0.03204 ms,1,1
0.032075 ms,1,0
0.032115 ms,1,1
0.03212 ms,0,1
0.03216 ms,0,0
0.0322 ms,1,1
0.03224 ms,1,0
0.03228 ms,1,1
0.032285 ms,0,1
0.03232 ms,0,0
0.03236 ms,0,1
0.032365 ms,1,1
0.0324 ms,1,0
0.032445 ms,0,1
0.032485 ms,0,0
0.032525 ms,1,1
0.032565 ms,1,0
0.032605 ms,1,1
0.032645 ms,1,0
0.032685 ms,1,1
0.032725 ms,1,0
0.03277 ms,0,1
0.03281 ms,0,0
0.03285 ms,0,1
0.032855 ms,1,1
0.03289 ms,1,0
0.03293 ms,1,1
0.032935 ms,0,1
0.03297 ms,0,0
0.03301 ms,0,1
0.033015 ms,1,1
0.033055 ms,1,0
0.033095 ms,0,1
0.033135 ms,0,0
0.033175 ms,0,1
0.03318 ms,1,1
0.033215 ms,1,0
0.033255 ms,1,1
0.03326 ms,0,1
0.033295 ms,0,0
0.033335 ms,0,1
0.03338 ms,0,0
0.03342 ms,1,1
0.03346 ms,1,0
0.0335 ms,1,1
0.033505 ms,0,1
0.03354 ms,0,0
0.03358 ms,0,1
0.033585 ms,1,1
0.03362 ms,1,0
0.03366 ms,1,1
0.033665 ms,0,1
0.033705 ms,0,0
0.033745 ms,1,1
0.033785 ms,1,0
0.033825 ms,1,1
0.03383 ms,0,1
0.033865 ms,0,0
0.033905 ms,0,1
0.03391 ms,1,1
0.033945 ms,1,0
0.033985 ms,1,1
0.03403 ms,1,0
0.03407 ms,0,1
0.03411 ms,0,0
0.03415 ms,0,1
0.03419 ms,0,0
0.03423 ms,0,1
0.034235 ms,1,1
0.03427 ms,1,0
0.03431 ms,1,1
0.034355 ms,1,0
0.034395 ms,1,1
0.0344 ms,0,1
0.034435 ms,0,0
0.034475 ms,0,1
0.03448 ms,1,1
0.034515 ms,1,0
0.034555 ms,1,1
0.03456 ms,0,1
0.034595 ms,0,0
0.03464 ms,1,1
0.03468 ms,1,0
0.03472 ms,1,1
0.034725 ms,0,1
0.03476 ms,0,0
0.0348 ms,0,1
0.03484 ms,0,0
0.03488 ms,0,1
0.034885 ms,1,1
0.034925 ms,1,0
0.034965 ms,1,1
0.035005 ms,1,0
0.035045 ms,1,1
0.03505 ms,0,1
0.035085 ms,0,0
0.035125 ms,0,1
0.035165 ms,0,0
0.035205 ms,0,1
0.03521 ms,1,1
0.03525 ms,1,0
0.03529 ms,1,1
0.03533 ms,1,0
0.03537 ms,1,1
0.035375 ms,0,1
0.03541 ms,0,0
0.03545 ms,0,1
0.035455 ms,1,1
0.03549 ms,1,0
0.03553 ms,1,1
0.035535 ms,0,1
0.035575 ms,0,0
0.035615 ms,0,1
0.035655 ms,0,0
0.035695 ms,0,1
0.0357 ms,1,1
0.035735 ms,1,0
0.035775 ms,1,1
0.035815 ms,1,0
0.035855 ms,1,1
0.03586 ms,0,1
0.0359 ms,0,0
0.03594 ms,0,1
0.03598 ms,0,0
0.03602 ms,0,1
0.036025 ms,1,1
0.03606 ms,1,0
0.0361 ms,1,1
0.03614 ms,1,0
0.03618 ms,1,1
0.036185 ms,0,1
0.036225 ms,0,0
0.036265 ms,0,1
0.036305 ms,0,0
0.036345 ms,0,1
0.03635 ms,1,1
0.036385 ms,1,0
0.036425 ms,1,1
0.036465 ms,1,0
0.03651 ms,0,1
0.03655 ms,0,0
0.03659 ms,0,1
0.03663 ms,0,0
0.03667 ms,0,1
0.036675 ms,1,1
0.03671 ms,1,0
0.03675 ms,1,1
0.036795 ms,1,0
0.036835 ms,0,1
0.036875 ms,0,0
0.036915 ms,0,1
0.03692 ms,1,1
0.036955 ms,1,0
0.036995 ms,1,1
0.037 ms,0,1
0.037035 ms,0,0
0.037075 ms,0,1
0.03712 ms,0,0
0.03716 ms,1,1
0.0372 ms,1,0
0.03724 ms,1,1
0.03728 ms,1,0
0.03732 ms,1,1
0.037325 ms,0,1
0.03736 ms,0,0
0.0374 ms,0,1
0.037405 ms,1,1
0.037445 ms,1,0
0.037485 ms,0,1
0.037525 ms,0,0
0.037565 ms,0,1
0.037605 ms,0,0
0.037645 ms,0,1
0.03765 ms,1,1
0.037685 ms,1,0
0.037725 ms,1,1
0.03777 ms,1,0
0.03781 ms,0,1
0.03785 ms,0,0
0.03789 ms,0,1
0.03793 ms,0,0
0.03797 ms,0,1
0.037975 ms,1,1
0.03801 ms,1,0
0.03805 ms,1,1
0.038095 ms,1,0
0.038135 ms,0,1
0.038175 ms,0,0
0.038215 ms,0,1
0.03822 ms,1,1
0.038255 ms,1,0
0.038295 ms,1,1
0.0383 ms,0,1
0.038335 ms,0,0
0.038375 ms,0,1
0.03838 ms,1,1
0.03842 ms,1,0
0.03846 ms,1,1
0.038465 ms,0,1
0.0385 ms,0,0
0.03854 ms,0,1
0.038545 ms,1,1
0.03858 ms,1,0
0.03862 ms,1,1
0.038625 ms,0,1
0.03866 ms,0,0
0.038705 ms,0,1
0.038745 ms,0,0
0.038785 ms,0,1
0.03879 ms,1,1
0.038825 ms,1,0
0.038865 ms,1,1
0.038905 ms,1,0
0.038945 ms,1,1
0.03895 ms,0,1
0.03899 ms,0,0
0.03903 ms,1,1
0.03907 ms,1,0
0.03911 ms,1,1
0.039115 ms,0,1
0.03915 ms,0,0
0.03919 ms,0,1
0.039195 ms,1,1
0.03923 ms,1,0
0.03927 ms,1,1
0.039275 ms,0,1
0.039315 ms,0,0
0.039355 ms,1,1
0.039395 ms,1,0
0.039435 ms,1,1
0.03944 ms,0,1
0.039475 ms,0,0
0.039515 ms,0,1
0.03952 ms,1,1
0.039555 ms,1,0
0.039595 ms,1,1
0.0396 ms,0,1
0.03964 ms,0,0
0.03968 ms,1,1
0.03972 ms,1,0
0.03976 ms,1,1
0.0398 ms,1,0
0.03984 ms,1,1
0.039845 ms,0,1
0.03988 ms,0,0
0.03992 ms,0,1
0.039965 ms,0,0
0.040005 ms,1,1
0.040045 ms,1,0
0.040085 ms,1,1
0.040125 ms,1,0
0.040165 ms,1,1
0.04017 ms,0,1
0.040205 ms,0,0
0.04025 ms,0,1
0.04029 ms,0,0
0.04033 ms,1,1
0.04037 ms,1,0
0.04041 ms,1,1
0.040415 ms,0,1
0.04045 ms,0,0
0.04049 ms,0,1
0.040495 ms,1,1
0.04053 ms,1,0
0.040575 ms,0,1
0.040615 ms,0,0
0.040655 ms,1,1
0.040695 ms,1,0
0.040735 ms,1,1
0.040775 ms,1,0
0.040815 ms,1,1
0.04082 ms,0,1
0.04086 ms,0,0
0.0409 ms,1,1
0.04094 ms,1,0
0.04098 ms,1,1
0.040985 ms,0,1
0.04102 ms,0,0
0.04106 ms,0,1
0.0411 ms,0,0
0.04114 ms,0,1
0.041145 ms,1,1
0.041185 ms,1,0
0.041225 ms,0,1
0.041265 ms,0,0
0.041305 ms,0,1
0.04131 ms,1,1
0.041345 ms,1,0
0.041385 ms,1,1
0.041425 ms,1,0
0.041465 ms,1,1
0.04147 ms,0,1
0.04151 ms,0,0
0.04155 ms,1,1
0.04159 ms,1,0
0.04163 ms,1,1
0.041635 ms,0,1
0.04167 ms,0,0
0.04171 ms,0,1
0.041715 ms,1,1
0.04175 ms,1,0
0.04179 ms,1,1
0.041795 ms,0,1
0.041835 ms,0,0
0.041875 ms,0,1
0.041915 ms,0,0
0.041955 ms,0,1
0.04196 ms,1,1
0.041995 ms,1,0
0.042035 ms,1,1
0.04204 ms,0,1
0.042075 ms,0,0
0.042115 ms,0,1
0.04212 ms,1,1
0.04216 ms,1,0
0.0422 ms,1,1
0.04224 ms,1,0
0.04228 ms,1,1
0.042285 ms,0,1
0.04232 ms,0,0
0.04236 ms,0,1
0.042365 ms,1,1
0.0424 ms,1,0
0.04244 ms,1,1
0.042445 ms,0,1
0.042485 ms,0,0
0.042525 ms,1,1
0.042565 ms,1,0
0.042605 ms,1,1
0.04261 ms,0,1
0.042645 ms,0,0
0.042685 ms,0,1
0.042725 ms,0,0
0.04277 ms,1,1
0.04281 ms,1,0
0.04285 ms,1,1
0.04289 ms,1,0
0.04293 ms,1,1
0.042935 ms,0,1
0.04297 ms,0,0
0.04301 ms,0,1
0.043055 ms,0,0
0.043095 ms,1,1
0.043135 ms,1,0
0.043175 ms,1,1
0.04318 ms,0,1
0.043215 ms,0,0
0.043255 ms,0,1
0.04326 ms,1,1
0.043295 ms,1,0
0.043335 ms,1,1
0.04338 ms,1,0
0.04342 ms,0,1
0.04346 ms,0,0
0.0435 ms,0,1
0.04354 ms,0,0
0.04358 ms,0,1
0.043585 ms,1,1
0.04362 ms,1,0
0.04366 ms,1,1
0.043705 ms,1,0
0.043745 ms,0,1
0.043785 ms,0,0
0.043825 ms,0,1
0.043865 ms,0,0
0.043905 ms,0,1
0.04391 ms,1,1
0.043945 ms,1,0
0.043985 ms,1,1
0.04403 ms,1,0
0.04407 ms,0,1
0.04411 ms,0,0
0.04415 ms,0,1
0.04419 ms,0,0
0.04423 ms,0,1
0.044235 ms,1,1
0.04427 ms,1,0
0.04431 ms,1,1
0.044355 ms,1,0
0.044395 ms,0,1
0.044435 ms,0,0
0.044475 ms,0,1
0.044515 ms,0,0
0.044555 ms,0,1
0.04456 ms,1,1
0.044595 ms,1,0
0.04464 ms,1,1
0.04468 ms,1,0
0.04472 ms,1,1
0.044725 ms,0,1
0.04476 ms,0,0
0.0448 ms,0,1
0.044805 ms,1,1
0.04484 ms,1,0
0.04488 ms,1,1
0.044925 ms,1,0
0.044965 ms,0,1
0.045005 ms,0,0
0.045045 ms,0,1
0.045085 ms,0,0
0.045125 ms,0,1
0.04513 ms,1,1
0.045165 ms,1,0
0.045205 ms,1,1
0.04521 ms,0,1
0.04525 ms,0,0
0.04529 ms,1,1
0.04533 ms,1,0
0.04537 ms,1,1
0.04541 ms,1,0
0.04545 ms,1,1
0.045455 ms,0,1
0.04549 ms,0,0
0.04553 ms,0,1
0.045575 ms,0,0
0.045615 ms,1,1
0.045655 ms,1,0
0.045695 ms,1,1
0.0457 ms,0,1
0.045735 ms,0,0
0.045775 ms,0,1
0.04578 ms,1,1
0.045815 ms,1,0
0.045855 ms,1,1
0.04586 ms,0,1
0.0459 ms,0,0
0.04594 ms,1,1
0.04598 ms,1,0
0.04602 ms,1,1
0.046025 ms,0,1
0.04606 ms,0,0
0.0461 ms,0,1
0.04614 ms,0,0
0.04618 ms,0,1
0.046185 ms,1,1
0.046225 ms,1,0
0.046265 ms,0,1
0.046305 ms,0,0
0.046345 ms,0,1
0.046385 ms,0,0
0.046425 ms,0,1
0.04643 ms,1,1
0.046465 ms,1,0
0.046505 ms,1,1
0.04655 ms,1,0
0.04659 ms,1,1
0.046595 ms,0,1
0.04663 ms,0,0
0.04667 ms,0,1
0.04671 ms,0,0
0.04675 ms,0,1
0.046755 ms,1,1
0.04679 ms,1,0
0.046835 ms,1,1
0.046875 ms,1,0
0.046915 ms,1,1
0.04692 ms,0,1
0.046955 ms,0,0
0.046995 ms,0,1
0.047 ms,1,1
0.047035 ms,1,0
0.047075 ms,1,1
0.04708 ms,0,1
0.047115 ms,0,0
0.04716 ms,0,1
0.0472 ms,0,0
0.04724 ms,0,1
0.047245 ms,1,1
0.04728 ms,1,0
0.04732 ms,1,1
0.04736 ms,1,0
0.0474 ms,1,1
0.047405 ms,0,1
0.047445 ms,0,0
0.047485 ms,0,1
0.047525 ms,0,0
0.047565 ms,0,1
0.04757 ms,1,1
0.047605 ms,1,0
0.047645 ms,1,1
0.04765 ms,0,1
0.047685 ms,0,0
0.047725 ms,0,1
0.04773 ms,1,1
0.04777 ms,1,0
0.04781 ms,1,1
0.04785 ms,1,0
0.04789 ms,1,1
0.047895 ms,0,1
0.04793 ms,0,0
0.04797 ms,0,1
0.04801 ms,0,0
0.04805 ms,0,1
0.048095 ms,0,0
0.048135 ms,1,1
0.048175 ms,1,0
0.048215 ms,1,1
0.04822 ms,0,1
0.048255 ms,0,0
0.048295 ms,0,1
0.0483 ms,1,1
0.048335 ms,1,0
0.048375 ms,1,1
0.04842 ms,1,0
0.04846 ms,1,1
0.048465 ms,0,1
0.0485 ms,0,0
0.04854 ms,0,1
0.048545 ms,1,1
0.04858 ms,1,0
0.04862 ms,1,1
0.048625 ms,0,1
0.04866 ms,0,0
0.048705 ms,0,1
0.048745 ms,0,0
0.048785 ms,0,1
0.04879 ms,1,1
0.048825 ms,1,0
0.048865 ms,1,1
0.048905 ms,1,0
0.048945 ms,1,1
0.04895 ms,0,1
0.048985 ms,0,0
0.04903 ms,1,1
0.04907 ms,1,0
0.04911 ms,1,1
0.049115 ms,0,1
0.04915 ms,0,0
0.04919 ms,0,1
0.049195 ms,1,1
0.04923 ms,1,0
0.04927 ms,1,1
0.049315 ms,1,0
0.049355 ms,0,1
0.049395 ms,0,0
0.049435 ms,0,1
0.04944 ms,1,1
0.049475 ms,1,0
0.049515 ms,1,1
0.04952 ms,0,1
0.049555 ms,0,0
0.049595 ms,0,1
0.0496 ms,1,1
0.04964 ms,1,0
0.04968 ms,0,1
0.04972 ms,0,0
0.04976 ms,0,1
0.049765 ms,1,1
0.0498 ms,1,0
0.04984 ms,1,1
0.049845 ms,0,1
0.04988 ms,0,0
0.04992 ms,0,1
0.049925 ms,1,1
0.049965 ms,1,0
0.050005 ms,0,1
0.050045 ms,0,0
0.050085 ms,0,1
0.050125 ms,0,0
0.050165 ms,0,1
0.05017 ms,1,1
0.050205 ms,1,0
0.050245 ms,1,1
0.05029 ms,1,0
0.05033 ms,0,1
0.05037 ms,0,0
0.05041 ms,0,1
0.05045 ms,0,0
0.05049 ms,0,1
0.050495 ms,1,1
0.05053 ms,1,0
0.05057 ms,1,1
0.050615 ms,1,0
0.050655 ms,0,1
0.050695 ms,0,0
0.050735 ms,0,1
0.05074 ms,1,1
0.050775 ms,1,0
0.050815 ms,1,1
0.05082 ms,0,1
0.050855 ms,0,0
0.0509 ms,1,1
0.05094 ms,1,0
0.05098 ms,1,1
0.050985 ms,0,1
0.05102 ms,0,0
0.05106 ms,0,1
0.051065 ms,1,1
0.0511 ms,1,0
0.05114 ms,1,1
0.051145 ms,0,1
0.05118 ms,0,0
0.051225 ms,1,1
0.051265 ms,1,0
0.051305 ms,1,1
0.05131 ms,0,1
0.051345 ms,0,0
0.051385 ms,0,1
0.05139 ms,1,1
0.051425 ms,1,0
0.051465 ms,1,1
0.05147 ms,0,1
0.05151 ms,0,0
0.05155 ms,1,1
0.05159 ms,1,0
0.05163 ms,1,1
0.051635 ms,0,1
0.05167 ms,0,0
0.05171 ms,0,1
0.051715 ms,1,1
0.05175 ms,1,0
0.05179 ms,1,1
0.051795 ms,0,1
0.051835 ms,0,0
0.051875 ms,1,1
0.051915 ms,1,0
0.051955 ms,1,1
0.051995 ms,1,0
0.052035 ms,1,1
0.05204 ms,0,1
0.052075 ms,0,0
0.052115 ms,0,1
0.05216 ms,0,0
0.0522 ms,1,1
0.05224 ms,1,0
0.05228 ms,1,1
0.05232 ms,1,0
0.05236 ms,1,1
0.052365 ms,0,1
0.0524 ms,0,0
0.05244 ms,0,1
0.052445 ms,1,1
0.052485 ms,1,0
0.052525 ms,0,1
0.052565 ms,0,0
0.052605 ms,0,1
0.05261 ms,1,1
0.052645 ms,1,0
0.052685 ms,1,1
0.05269 ms,0,1
0.052725 ms,0,0
0.05277 ms,0,1
0.05281 ms,0,0
0.05285 ms,1,1
0.05289 ms,1,0
0.05293 ms,1,1
0.05297 ms,1,0
0.05301 ms,1,1
0.053015 ms,0,1
0.05305 ms,0,0
0.053095 ms,1,1
0.053135 ms,1,0
0.053175 ms,1,1
0.05318 ms,0,1
0.053215 ms,0,0
0.053255 ms,0,1
0.05326 ms,1,1
0.053295 ms,1,0
0.053335 ms,1,1
0.05334 ms,0,1
0.05338 ms,0,0
0.05342 ms,0,1
0.05346 ms,0,0
0.0535 ms,0,1
0.053505 ms,1,1
0.05354 ms,1,0
0.05358 ms,1,1
0.053585 ms,0,1
0.05362 ms,0,0
0.05366 ms,0,1
0.053665 ms,1,1
0.053705 ms,1,0
0.053745 ms,1,1
0.053785 ms,1,0
0.053825 ms,1,1
0.05383 ms,0,1
0.053865 ms,0,0
0.053905 ms,0,1
0.05391 ms,1,1
0.053945 ms,1,0
0.053985 ms,1,1
0.05399 ms,0,1
0.05403 ms,0,0
0.05407 ms,1,1
0.05411 ms,1,0
0.05415 ms,1,1
0.054155 ms,0,1
0.05419 ms,0,0
0.05423 ms,0,1
0.05427 ms,0,0
0.05431 ms,0,1
0.054315 ms,1,1
0.054355 ms,1,0
0.054395 ms,1,1
0.054435 ms,1,0
0.054475 ms,1,1
0.05448 ms,0,1
0.054515 ms,0,0
0.054555 ms,0,1
0.054595 ms,0,0
0.054635 ms,0,1
0.05464 ms,1,1
0.05468 ms,1,0
0.05472 ms,1,1
0.054725 ms,0,1
0.05476 ms,0,0
0.0548 ms,0,1
0.054805 ms,1,1
0.05484 ms,1,0
0.05488 ms,1,1
0.054885 ms,0,1
0.05492 ms,0,0
0.054965 ms,1,1
0.055005 ms,1,0
0.055045 ms,1,1
0.05505 ms,0,1
0.055085 ms,0,0
0.055125 ms,0,1
0.05513 ms,1,1
0.055165 ms,1,0
0.055205 ms,1,1
0.055245 ms,1,0
0.05529 ms,0,1
0.05533 ms,0,0
0.05537 ms,0,1
0.05541 ms,0,0
0.05545 ms,0,1
0.055455 ms,1,1
0.05549 ms,1,0
0.05553 ms,1,1
0.055535 ms,0,1
0.055575 ms,0,0
0.055615 ms,1,1
0.055655 ms,1,0
0.055695 ms,1,1
0.0557 ms,0,1
0.055735 ms,0,0
0.055775 ms,0,1
0.055815 ms,0,0
0.055855 ms,0,1
0.05586 ms,1,1
0.0559 ms,1,0
0.05594 ms,1,1
0.05598 ms,1,0
0.05602 ms,1,1
0.056025 ms,0,1
0.05606 ms,0,0
0.0561 ms,0,1
0.05614 ms,0,0
0.05618 ms,0,1
0.056185 ms,1,1
0.056225 ms,1,0
0.056265 ms,1,1
0.056305 ms,1,0
0.056345 ms,1,1
0.05635 ms,0,1
0.056385 ms,0,0
0.056425 ms,0,1
0.056465 ms,0,0
0.056505 ms,0,1
0.05651 ms,1,1
0.05655 ms,1,0
0.05659 ms,1,1
0.056595 ms,0,1
0.05663 ms,0,0
0.05667 ms,0,1
0.056675 ms,1,1
0.05671 ms,1,0
0.05675 ms,1,1
0.05679 ms,1,0
0.056835 ms,0,1
0.056875 ms,0,0
0.056915 ms,0,1
0.056955 ms,0,0
0.056995 ms,0,1
0.057 ms,1,1
0.057035 ms,1,0
0.057075 ms,1,1
0.057115 ms,1,0
0.05716 ms,0,1
0.0572 ms,0,0
0.05724 ms,0,1
0.05728 ms,0,0
0.05732 ms,0,1
0.057325 ms,1,1
0.05736 ms,1,0
0.0574 ms,1,1
0.057405 ms,0,1
0.057445 ms,0,0
0.057485 ms,1,1
0.057525 ms,1,0
0.057565 ms,1,1
0.057605 ms,1,0
0.057645 ms,1,1
0.05765 ms,0,1
0.057685 ms,0,0
0.057725 ms,0,1
0.05777 ms,0,0
0.05781 ms,1,1
0.05785 ms,1,0
0.05789 ms,1,1
0.057895 ms,0,1
0.05793 ms,0,0
0.05797 ms,0,1
0.05801 ms,0,0
0.05805 ms,0,1
0.058055 ms,1,1
0.058095 ms,1,0
0.058135 ms,1,1
0.058175 ms,1,0
0.058215 ms,1,1
0.05822 ms,0,1
0.058255 ms,0,0
0.058295 ms,0,1
0.0583 ms,1,1
0.058335 ms,1,0
0.058375 ms,1,1
0.05838 ms,0,1
0.05842 ms,0,0
0.05846 ms,1,1
0.0585 ms,1,0
0.05854 ms,1,1
0.058545 ms,0,1
0.05858 ms,0,0
0.05862 ms,0,1
0.05866 ms,0,0
0.0587 ms,0,1
0.058705 ms,1,1
0.058745 ms,1,0
0.058785 ms,1,1
0.058825 ms,1,0
0.058865 ms,1,1
0.05887 ms,0,1
0.058905 ms,0,0
0.058945 ms,0,1
0.05895 ms,1,1
0.058985 ms,1,0
0.05903 ms,0,1
0.05907 ms,0,0
0.05911 ms,1,1
0.05915 ms,1,0
0.05919 ms,1,1
0.059195 ms,0,1
0.05923 ms,0,0
0.05927 ms,0,1
0.059275 ms,1,1
0.05931 ms,1,0
0.059355 ms,1,1
0.059395 ms,1,0
0.059435 ms,1,1
0.05944 ms,0,1
0.059475 ms,0,0
0.059515 ms,0,1
0.05952 ms,1,1
0.059555 ms,1,0
0.059595 ms,1,1
0.0596 ms,0,1
0.05964 ms,0,0
0.05968 ms,1,1
0.05972 ms,1,0
0.05976 ms,1,1
0.0598 ms,1,0
0.05984 ms,1,1
0.059845 ms,0,1
0.05988 ms,0,0
0.05992 ms,0,1
0.059965 ms,0,0
0.060005 ms,1,1
0.060045 ms,1,0
0.060085 ms,1,1
0.060125 ms,1,0
0.060165 ms,1,1
0.06017 ms,0,1
0.060205 ms,0,0
0.060245 ms,0,1
0.06025 ms,1,1
0.06029 ms,1,0
0.06033 ms,0,1
0.06037 ms,0,0
0.06041 ms,0,1
0.06045 ms,0,0
0.06049 ms,0,1
0.060495 ms,1,1
0.06053 ms,1,0
0.06057 ms,1,1
0.060575 ms,0,1
0.060615 ms,0,0
0.060655 ms,1,1
0.060695 ms,1,0
0.060735 ms,1,1
0.060775 ms,1,0
0.060815 ms,1,1
0.06082 ms,0,1
0.060855 ms,0,0
0.060895 ms,0,1
0.06094 ms,0,0
0.06098 ms,1,1
0.06102 ms,1,0
0.06106 ms,1,1
0.0611 ms,1,0
0.06114 ms,1,1
0.061145 ms,0,1
0.06118 ms,0,0
0.061225 ms,1,1
0.061265 ms,1,0
0.061305 ms,1,1
0.06131 ms,0,1
0.061345 ms,0,0
0.061385 ms,0,1
0.061425 ms,0,0
0.061465 ms,0,1
0.06147 ms,1,1
0.06151 ms,1,0
0.06155 ms,1,1
0.06159 ms,1,0
0.06163 ms,1,1
0.061635 ms,0,1
0.06167 ms,0,0
0.06171 ms,0,1
0.06175 ms,0,0
0.06179 ms,0,1
0.061795 ms,1,1
0.061835 ms,1,0
0.061875 ms,1,1
0.061915 ms,1,0
0.061955 ms,1,1
0.06196 ms,0,1
0.061995 ms,0,0
0.062035 ms,0,1
0.062075 ms,0,0
0.062115 ms,0,1
0.06212 ms,1,1
0.06216 ms,1,0
0.0622 ms,1,1
0.06224 ms,1,0
0.06228 ms,1,1
0.062285 ms,0,1
0.06232 ms,0,0
0.06236 ms,0,1
0.062365 ms,1,1
0.0624 ms,1,0
0.06244 ms,1,1
0.062445 ms,0,1
0.062485 ms,0,0
0.062525 ms,0,1
0.062565 ms,0,0
0.062605 ms,0,1
0.06261 ms,1,1
0.062645 ms,1,0
0.062685 ms,1,1
0.06269 ms,0,1
0.062725 ms,0,0
0.062765 ms,0,1
0.06277 ms,1,1
0.06281 ms,1,0
0.06285 ms,1,1
0.062855 ms,0,1
0.06289 ms,0,0
0.06293 ms,0,1
0.06297 ms,0,0
0.06301 ms,0,1
0.063015 ms,1,1
0.06305 ms,1,0
0.063095 ms,0,1
0.063135 ms,0,0
0.063175 ms,0,1
0.063215 ms,0,0
0.063255 ms,0,1
0.06326 ms,1,1
0.063295 ms,1,0
0.063335 ms,1,1
0.06338 ms,1,0
0.06342 ms,0,1
0.06346 ms,0,0
0.0635 ms,0,1
0.063505 ms,1,1
0.06354 ms,1,0
0.06358 ms,1,1
0.063585 ms,0,1
0.06362 ms,0,0
0.06366 ms,0,1
0.063665 ms,1,1
0.063705 ms,1,0
0.063745 ms,0,1
0.063785 ms,0,0
0.063825 ms,0,1
0.06383 ms,1,1
0.063865 ms,1,0
0.063905 ms,1,1
0.06391 ms,0,1